     0/299    0.526G   0.07328   0.02762   0.01076    0.1117         1      1280    0.1742    0.1552    0.1128   0.03197   0.09179   0.04466    0.0112
     1/299     2.36G   0.06158   0.02302  0.005499   0.09009         5      1280    0.2908    0.2355    0.1865   0.05443   0.08412    0.0474  0.009548
     2/299     5.41G   0.05808   0.02459  0.005097   0.08776         4      1280    0.2224    0.2893    0.1548   0.04608   0.08014   0.04913  0.008623
     3/299     5.41G   0.05666   0.02687  0.004693   0.08822         1      1280    0.2898    0.3023    0.2165     0.071   0.07913   0.04914  0.008064
     4/299     5.41G   0.05381   0.02709  0.004135   0.08504         3      1280    0.3729    0.2962    0.2512   0.08062   0.07851    0.0481  0.007249
     5/299     5.41G   0.05257   0.02667  0.004036   0.08328        30      1280    0.3631    0.3325    0.2779    0.0931    0.0703   0.05358  0.006482
     6/299     5.41G   0.05091   0.02791  0.003525   0.08234        51      1280    0.3764    0.3862    0.2939   0.09834   0.06944   0.05196  0.006092
     7/299     5.41G   0.05019   0.02758  0.003208   0.08098         2      1280    0.3612     0.409    0.3108    0.1015    0.0673   0.05156  0.005216
     8/299     5.41G   0.04873   0.02768    0.0024   0.07881        43      1280    0.4063    0.3922    0.3101    0.1117   0.06836   0.05103  0.005122
     9/299     5.41G   0.04788    0.0271   0.00263   0.07761         3      1280    0.4071    0.4514    0.3657    0.1316   0.06606    0.0526  0.004655
    10/299     5.41G   0.04795    0.0274   0.00241   0.07776         4      1280    0.3983    0.3892     0.328    0.1158   0.06567   0.05061  0.004992
    11/299     5.41G   0.04727   0.02675   0.00208    0.0761         9      1280    0.4328     0.403    0.3419    0.1219   0.06528   0.05424  0.004626
    12/299     5.41G   0.04638   0.02704  0.002086    0.0755         3      1280    0.4832    0.3538    0.3623    0.1367   0.06428   0.05476   0.00452
    13/299     5.41G   0.04646   0.02666  0.002052   0.07516         1      1280    0.3974    0.3968    0.3242    0.1119   0.06292    0.0547  0.004895
    14/299     5.41G   0.04596   0.02717  0.001889   0.07502        16      1280    0.4319    0.4005    0.3601    0.1251    0.0628   0.05406  0.004433
    15/299     5.41G   0.04591   0.02743  0.002056   0.07539         9      1280    0.5261    0.3534    0.3826    0.1504    0.0621   0.05343  0.004478
    16/299     5.41G   0.04588   0.02761  0.001978   0.07546         7      1280    0.5436    0.3475    0.3667    0.1365     0.062   0.05383  0.004641
    17/299     5.41G   0.04553   0.02704  0.001873   0.07444         7      1280    0.5146    0.3966    0.4018    0.1555   0.06135   0.05557  0.004434
    18/299     5.41G    0.0451   0.02683  0.001458   0.07339        10      1280     0.441    0.4237    0.3745    0.1372   0.06286   0.05379  0.004598
    19/299     5.41G   0.04486   0.02795   0.00194   0.07475         6      1280    0.4834    0.3911    0.3868    0.1497   0.06155   0.05332  0.004816
    20/299     5.41G   0.04481   0.02702  0.001596   0.07343         9      1280     0.419    0.4296     0.378      0.14   0.06057   0.05593  0.004871
    21/299     5.41G   0.04434   0.02635  0.001694   0.07238         7      1280     0.435    0.4049     0.377    0.1422   0.06076   0.05453  0.004523
    22/299     5.41G   0.04465   0.02715  0.001731   0.07354        16      1280    0.5016    0.4289    0.4267    0.1637   0.06144   0.05306  0.004691
    23/299     5.41G   0.04393    0.0266  0.001711   0.07224         1      1280    0.4743     0.447    0.4207    0.1598   0.06164   0.05429  0.004377
    24/299     5.41G   0.04335   0.02579  0.001624   0.07077         1      1280    0.4398    0.4114    0.3687    0.1478   0.06027   0.05587  0.004387
    25/299     5.41G   0.04385    0.0262  0.001738   0.07178        15      1280    0.4391    0.4352     0.382    0.1456    0.0604   0.05451  0.004434
    26/299     5.41G   0.04405   0.02642  0.001638   0.07211        12      1280    0.5211    0.3688      0.37    0.1398   0.06006   0.05544  0.004468
    27/299     5.41G   0.04341   0.02627  0.001347   0.07103        33      1280    0.4466    0.4373    0.4084    0.1601     0.059   0.05563  0.004495
    28/299     5.41G   0.04325   0.02562  0.001271   0.07014         1      1280    0.5202    0.4183    0.4267     0.159   0.06042   0.05389  0.004322
    29/299     5.41G   0.04299   0.02661  0.001284   0.07088         0      1280    0.4498    0.4384    0.3966    0.1464   0.05831   0.05616  0.004341
    30/299     5.41G   0.04267   0.02636  0.001397   0.07043         1      1280    0.4499    0.4197    0.3984    0.1457   0.06171   0.05204  0.004755
    31/299     5.41G   0.04301   0.02565  0.001393   0.07005         5      1280    0.4789    0.3986    0.3815     0.148   0.06271   0.05282  0.003905
    32/299     5.41G   0.04347   0.02621  0.001768   0.07145         9      1280     0.502    0.3912    0.3926    0.1555   0.06127   0.05338  0.005074
    33/299     5.41G   0.04322   0.02615  0.001305   0.07067         6      1280    0.4471    0.4166    0.3823    0.1458    0.0607   0.05455  0.004221
    34/299     5.41G   0.04257   0.02581  0.001324   0.06971        14      1280    0.4209    0.4669    0.3939    0.1496   0.05979   0.05476  0.004493
    35/299     5.41G   0.04243   0.02589  0.001462   0.06978         2      1280    0.4463    0.4366    0.3926    0.1485   0.05935   0.05433  0.004355
    36/299     5.41G   0.04283   0.02641  0.001321   0.07056         8      1280    0.4653    0.4427     0.405    0.1587   0.05901   0.05387  0.004628
    37/299     5.41G   0.04224   0.02634  0.001446   0.07002         4      1280     0.439    0.5006    0.4173    0.1579   0.05892   0.05405  0.004891
    38/299     5.41G   0.04239   0.02682  0.001332   0.07054         4      1280    0.4885    0.4251    0.4131     0.161   0.05901   0.05492  0.004617
    39/299     5.41G   0.04221   0.02544  0.001099   0.06875         3      1280    0.4677    0.4518    0.4247    0.1669   0.05834   0.05668  0.004904
    40/299     5.41G   0.04216   0.02642  0.001552   0.07013        14      1280    0.4428    0.4312    0.3921    0.1499   0.05775   0.05589  0.004305
    41/299     5.41G   0.04169   0.02567  0.001266   0.06862         0      1280    0.4326    0.4601    0.4134    0.1654   0.05839   0.05614  0.004907
    42/299     5.41G   0.04135    0.0261  0.001025   0.06847        12      1280    0.5151    0.3898    0.4107    0.1588   0.05724    0.0563  0.004868
    43/299     5.41G   0.04145   0.02581  0.001052   0.06831         4      1280    0.4123     0.443    0.3876    0.1451   0.05772   0.05735  0.004935
    44/299     5.41G   0.04181   0.02611   0.00122   0.06913         7      1280     0.495    0.4141    0.4124    0.1676    0.0569   0.05572  0.004637
    45/299     5.41G   0.04154   0.02672  0.001066   0.06932         4      1280    0.4866    0.4393    0.4047    0.1535   0.05962   0.05505  0.004506
    46/299     5.41G   0.04133   0.02614  0.001076   0.06855         3      1280    0.4653    0.4404    0.4039    0.1614    0.0576   0.05564  0.004673
    47/299     5.41G   0.04087   0.02563  0.001032   0.06753        19      1280     0.465    0.4402    0.4034    0.1492   0.05811   0.05605  0.005071
    48/299     5.41G   0.04084   0.02587  0.001234   0.06795         1      1280    0.5105    0.4256      0.41    0.1628   0.05781   0.05492  0.004546
    49/299     5.41G   0.04095   0.02499  0.001058     0.067         2      1280    0.4935    0.4292    0.4316    0.1723   0.05792   0.05695  0.005274
    50/299     5.41G   0.04069   0.02502  0.001304   0.06701         3      1280    0.5045    0.4521    0.4321    0.1709   0.05784   0.05483  0.004352
    51/299     5.41G   0.04122   0.02616 0.0009798   0.06836         4      1280    0.5488    0.4073    0.4324     0.171   0.05778   0.05533  0.004094
    52/299     5.41G   0.04079   0.02507 0.0008747   0.06673         7      1280    0.4275    0.4908    0.4253    0.1641   0.05677   0.05618  0.004065
    53/299     5.41G   0.04037   0.02531 0.0009948   0.06667         9      1280    0.4278    0.4924    0.4069    0.1645   0.05676   0.05659  0.004377
    54/299     5.41G   0.04048   0.02556   0.00113   0.06717         6      1280    0.4936    0.4486    0.4331     0.164    0.0561   0.05639  0.004196
    55/299     5.41G   0.04057   0.02519   0.00102   0.06678         3      1280    0.5178    0.4175    0.4071    0.1519   0.05638   0.05752  0.004659
    56/299     5.41G   0.04031   0.02527 0.0009033   0.06649         5      1280    0.5173    0.4009    0.4174    0.1635   0.05657   0.05734  0.004849
    57/299     5.41G   0.03986   0.02521 0.0008294    0.0659         2      1280    0.5416    0.4318    0.4462    0.1692   0.05599   0.05672   0.00387
    58/299     5.41G   0.03962   0.02474 0.0007405    0.0651        13      1280    0.4574    0.4382    0.4102     0.161   0.05719   0.05728  0.004285
    59/299     5.41G   0.04004    0.0252  0.001106   0.06634        13      1280    0.4927    0.4266    0.4187     0.165   0.05708   0.05792  0.004859
    60/299     5.41G   0.03959   0.02584  0.001032   0.06646         6      1280    0.4627    0.4735    0.4151    0.1648   0.05689   0.05607  0.004018
    61/299     5.41G   0.04005   0.02489 0.0009127   0.06586         6      1280    0.5302    0.4333    0.4351    0.1721   0.05647   0.05738  0.004078
    62/299     5.41G   0.03993   0.02534  0.001014   0.06629         8      1280    0.4828    0.4643    0.4231    0.1617   0.05562    0.0588   0.00421
    63/299     5.41G   0.03955   0.02511  0.001083   0.06574         7      1280    0.5095    0.4171    0.4281    0.1733   0.05692   0.05659  0.004237
    64/299     5.41G   0.03955   0.02447 0.0009439   0.06496        12      1280    0.4578    0.4695    0.4187      0.17   0.05572   0.05733  0.004229
    65/299     5.41G    0.0395   0.02494 0.0009722    0.0654        16      1280    0.4635    0.4581     0.412    0.1699    0.0567   0.05714  0.004551
    66/299     5.41G   0.03976    0.0253  0.001051   0.06612         6      1280    0.4808    0.4515    0.4292     0.169   0.05561   0.05843  0.004676
    67/299     5.41G   0.03948   0.02453 0.0009722   0.06498        35      1280    0.4635    0.4598    0.3996    0.1544   0.05684   0.05726  0.004547
